t = 2000000
b = 20 20 20
E = -0.971857383663519 -1.26100878880009 0.28915140513657
5.0968818013344 5.07475494329892 4.65653728383843 0.836902643558374 -0.183401570090797 0.515710993961921 -0.262511729231934 -0.961251718554868 0.084158930548292 -0.0350358835760309 -0.0365343162827278 -1.02127727311565 0.190180754917605 -0.677023834298063 0.192129878666472
5.1299405883613 4.47632636682582 4.4534476766851 0.497996212934762 0.139167556048935 0.855939345541388 -0.351104132384321 -0.870159959142847 0.345756465922709 0.142684438925798 0.45351188985654 0.139410097819966 0.0294950937832271 0.435537884836905 -0.126379298274983
5.2272098389947 4.01354910565592 4.51450665563891 0.0945285591941999 0.332691314654048 0.938286118756105 -0.113993185603713 -0.932689971076264 0.342191425213408 0.255965654087377 -0.00383482312074472 -0.0856689715730263 0.0738930997967384 0.386455108820832 -0.12819695565196
5.44811586991668 3.59678624679146 4.7680207650874 -0.540776092421253 0.383512690649947 0.74865161054799 -0.194581797816738 -0.922910031225081 0.33222732913276 0.0645576973014901 0.355129653095989 -0.234810816536468 -0.101266579107492 0.338454716341725 0.465783604184539
5.50751276462559 3.21027604317712 5.22592113543437 -0.862012059923465 0.447754543949572 0.237594353718741 -0.382105801702307 -0.881992712497225 0.275833303658371 0.228826322156697 -0.00274227509449154 -0.375876474709264 0.162857798446329 0.489652824952318 -0.351434761254118
5.41891281411629 2.93256275826095 5.60105318104612 -0.927185262155696 0.241086060273754 -0.286714145418213 -0.366498406355907 -0.742153626868158 0.561147852410735 0.0142905007145544 -0.0706621776283888 -0.0804155712658619 -0.250223506753621 0.273102038781611 -0.431391724335649
5.12503792062211 2.87528107204562 5.98991154660248 -0.57989681317348 -0.435696257383274 -0.68839556751434 -0.343019121615712 -0.635852701491091 0.691396575210206 -0.00466409523111719 -0.129269393220304 0.85812306785802 -0.196683047407122 0.0783680710581865 -0.326061655041357
4.76502679864208 2.63544155174356 6.34321201716241 0.00500643273356475 -0.632367953070351 -0.774651991258587 -0.454370456982586 -0.691514857317743 0.561564502020984 -0.0587130669579874 0.240603911600366 0.397780510707877 0.345555434219431 -0.271310153761457 0.581701423818778
4.69485041844649 2.35707319514316 7.66012143267589 -0.861083855993034 0.496544034562889 0.109446857827335 -0.472515517596465 -0.701952401909933 -0.532908914434226 0.0277708997855721 -0.241746468054995 0.124558406213192 -0.145697755406293 0.288946259876495 0.122349903454362
4.55540071110275 1.55364078024222 6.57330541081022 -0.890162897443097 -0.257445185988535 -0.375941474470253 0.22830916946787 0.462012716232623 -0.856982597942394 0.34224175675789 0.109710480824255 0.346396361167048 -0.62348540337574 0.0150908508735469 0.0460742200798933
4.68984120817032 1.62731483210119 6.03220326151533 -0.910040026839651 0.363386758466297 0.199442255605635 0.0933643685196011 0.648464649659586 -0.755497645815457 -0.127369285856427 0.212782548155179 0.292781796950551 -0.0637277251457956 0.0667802867039582 -0.464639730084509
4.53681570817777 1.87375368594144 5.56689226069548 -0.435888275971652 0.669024610511864 0.60200289152139 0.17406918969533 0.718930611921729 -0.672932903371974 0.33623983994369 -0.0344325280647746 0.0858245283495023 -0.0695292375477529 -0.155931148154863 -0.688824005139498
4.47255761206287 2.20487557574587 5.19157436828475 -0.0347923192388056 0.444090107547614 0.895306355891889 0.164867364171104 0.886125193766809 -0.433129187659943 -0.180466749526162 -0.460748586506221 -0.437792701062076 0.175841104727173 0.164585197747539 0.268674486915497
4.32374156338047 2.75325638293593 5.10652840536132 0.527854117366702 0.0629888592166407 0.846996124190369 0.246879243732352 0.94280835191419 -0.223971093167496 0.0450218782336095 -0.00547184164031795 0.252216693121074 -0.0716702033303916 -0.457005037634343 -0.217598591697412
4.2747887981326 3.23159241426771 5.2440162075751 0.948794688743646 -0.218396331777806 0.228236020114211 0.279138948438365 0.917880724413323 -0.282092933649485 0.257312272903408 0.470658618327739 0.446450979372179 -0.0657158079491922 0.153807307475532 -0.317766887991244
4.46356100043024 3.73037259078577 5.41178668629127 0.871250663258393 -0.460364432852092 -0.170255310450342 0.413771284164183 0.875445858257325 -0.249775646654181 -0.123273604229972 0.276729753962188 -0.271736534131473 -0.512392390022672 -0.145078058177418 -0.623766469429104
4.76757132237131 4.16757025220221 5.57976839926428 0.503701105386321 -0.490723620004734 -0.710968019816674 0.450260596814166 0.851500183919419 -0.2687244531895 -0.232437959160183 -0.517972017932694 -0.187847796184449 -0.122814672690692 0.299878711877268 0.301842455546667
5.2030552454121 4.44122157518445 5.62037841707959 0.0960235140541264 -0.39743904614273 -0.912590647196123 0.461585414759077 0.830067939215032 -0.312931495968556 0.258019338335377 -0.0824770347368143 -0.095252754886498 0.0815957098833407 -0.615868002663742 0.272717872269508
5.68201189747304 4.62739523640916 5.52291578116808 -0.45894333880623 -0.0824406710549697 -0.88463243639476 0.600225524628107 0.70534034694095 -0.377126390699796 -0.07072210065066 0.233114328913461 0.227852985998088 -0.285471284183682 -0.705049365424177 0.207362443530892
6.08980520677654 4.79356236930213 5.24498919621112 -0.84643242784723 0.258023326038813 -0.465806943173137 0.461980704135725 0.790852928776008 -0.401404377221427 0.218807030376129 -0.139686799851928 0.111296350902795 -0.255148972313894 -0.102586270602821 -0.166851464972357
