-0.0635195806826 9.9e-07 100
-0.127222041191 2.99e-06 100
-0.145881891329 4.99e-06 100
-0.0862702424738 6.99e-06 100
-0.0981659533157 8.99e-06 100
-0.054435907014 1.099e-05 100
-0.104256532235 1.299e-05 100
-0.0524806363151 1.499e-05 100
-0.0414659018772 1.699e-05 100
-0.0129848522999 1.899e-05 100
-0.0313065580089 2.099e-05 100
-0.10117528461 2.299e-05 100
-0.108951372244 2.499e-05 100
-0.0981844103934 2.699e-05 100
-0.141013382454 2.899e-05 100
-0.142670563837 3.099e-05 100
-0.143830663318 3.299e-05 100
-0.115089271521 3.499e-05 100
-0.12518408856 3.699e-05 100
-0.234181313192 3.899e-05 100
-0.228952687892 4.099e-05 100
-0.193987841209 4.299e-05 100
-0.224209119763 4.499e-05 100
-0.245667192892 4.699e-05 100
-0.239647707768 4.899e-05 100
-0.128516081766 5.099e-05 100
-0.0481365681171 5.299e-05 100
-0.04784673232 5.499e-05 100
-0.0399637725478 5.699e-05 100
0.0191187717953 5.899e-05 100
0.0890809641491 6.099e-05 100
0.142650150228 6.299e-05 100
0.122340668633 6.499e-05 100
0.0559511453666 6.699e-05 100
0.0960465340705 6.899e-05 100
0.129887166882 7.099e-05 100
0.0496025742577 7.299e-05 100
0.0897780723053 7.499e-05 100
0.183160502227 7.699e-05 100
0.223696827823 7.899e-05 100
0.202334975615 8.099e-05 100
0.106588133568 8.299e-05 100
0.117848773772 8.499e-05 100
0.0369812534705 8.699e-05 100
0.0241758515977 8.899e-05 100
0.0670806916072 9.099e-05 100
0.0750079315655 9.299e-05 100
0.0042157658227 9.499e-05 100
0.000753589925668 9.699e-05 100
0.0487194589908 9.899e-05 100
0.0144999962193 0.00010099 100
-0.0745168737684 0.00010299 100
-0.0879637860795 0.00010499 100
-0.0962763143917 0.00010699 100
-0.100875419149 0.00010899 100
-0.0942919156927 0.00011099 100
-0.082481833041 0.00011299 100
-0.142801733447 0.00011499 100
-0.129778081427 0.00011699 100
-0.0649686834883 0.00011899 100
0.142379054145 0.00012099 100
0.148205213297 0.00012299 100
0.195050001116 0.00012499 100
0.278950741698 0.00012699 100
0.396064993308 0.00012899 100
0.510715863222 0.00013099 100
0.602831161921 0.00013299 100
0.569694483225 0.00013499 100
0.524886432728 0.00013699 100
0.485717037211 0.00013899 100
0.364485274543 0.00014099 100
0.223492146408 0.00014299 100
0.0490304797553 0.00014499 100
-0.00262485496819 0.00014699 100
-0.0487489485598 0.00014899 100
-0.18165486823 0.00015099 100
-0.268305503721 0.00015299 100
-0.380128169853 0.00015499 100
-0.388429166889 0.00015699 100
-0.387713371243 0.00015899 100
-0.413636727114 0.00016099 100
-0.424361539647 0.00016299 100
-0.376745487457 0.00016499 100
-0.226224285355 0.00016699 100
-0.111530960962 0.00016899 100
-0.0354718924476 0.00017099 100
-0.00132023902155 0.00017299 100
-0.0028867071642 0.00017499 100
-0.0211170609156 0.00017699 100
-0.0500836291668 0.00017899 100
-0.133101388282 0.00018099 100
-0.191353873414 0.00018299 100
-0.137572233552 0.00018499 100
-0.139119262311 0.00018699 100
-0.0916180304466 0.00018899 100
-0.0569878133274 0.00019099 100
-0.0372041480872 0.00019299 100
-0.0292302727442 0.00019499 100
0.056842817048 0.00019699 100
0.0719153863516 0.00019899 100
-0.0321629632185 0.00020099 100
0.0229895424577 0.00020299 100
0.0458838393908 0.00020499 100
0.00682919848199 0.00020699 100
0.0303253600627 0.00020899 100
0.11317701185 0.00021099 100
0.0257248471703 0.00021299 100
0.0760834518374 0.00021499 100
0.124008901653 0.00021699 100
0.138211433828 0.00021899 100
0.184011032254 0.00022099 100
0.206345243819 0.00022299 100
0.240891236435 0.00022499 100
0.196364673617 0.00022699 100
0.159507177136 0.00022899 100
0.117512036124 0.00023099 100
0.0128981313197 0.00023299 100
-0.0400042755741 0.00023499 100
-0.111837601586 0.00023699 100
-0.141817929349 0.00023899 100
-0.212201440859 0.00024099 100
-0.267549972555 0.00024299 100
-0.30970584074 0.00024499 100
-0.378413382645 0.00024699 100
-0.309867567083 0.00024899 100
-0.310595740387 0.00025099 100
-0.300138378137 0.00025299 100
-0.180040864431 0.00025499 100
-0.0268652595074 0.00025699 100
0.0369722782236 0.00025899 100
0.10017284911 0.00026099 100
0.0299087801464 0.00026299 100
0.0540259995959 0.00026499 100
0.198278402018 0.00026699 100
0.254995795599 0.00026899 100
0.149331344805 0.00027099 100
0.0305641372127 0.00027299 100
0.03612262406 0.00027499 100
-0.0656056171455 0.00027699 100
-0.196153008647 0.00027899 100
-0.278584034342 0.00028099 100
-0.31624892219 0.00028299 100
-0.237422624895 0.00028499 100
-0.317012043055 0.00028699 100
-0.335761914386 0.00028899 100
-0.324950396535 0.00029099 100
-0.228604603882 0.00029299 100
-0.0574356461815 0.00029499 100
-0.0290516625202 0.00029699 100
0.0784030120631 0.00029899 100
0.19683298981 0.00030099 100
0.316532687556 0.00030299 100
0.331707235884 0.00030499 100
0.418928160821 0.00030699 100
0.387042040087 0.00030899 100
0.326717515333 0.00031099 100
0.230806593452 0.00031299 100
0.0743664946567 0.00031499 100
-0.116897896614 0.00031699 100
-0.27300808585 0.00031899 100
-0.381246504179 0.00032099 100
-0.393702373325 0.00032299 100
-0.486155641456 0.00032499 100
-0.523676254 0.00032699 100
-0.507242664136 0.00032899 100
-0.403081185981 0.00033099 100
-0.294146555507 0.00033299 100
-0.0672610565458 0.00033499 100
-0.0184433313491 0.00033699 100
0.250942735156 0.00033899 100
0.299448327141 0.00034099 100
0.401789108328 0.00034299 100
0.321553399226 0.00034499 100
0.254125666338 0.00034699 100
0.251325742513 0.00034899 100
0.120510682167 0.00035099 100
0.0365101013827 0.00035299 100
0.000904581726859 0.00035499 100
-0.0563909032897 0.00035699 100
-0.137448827057 0.00035899 100
-0.218298281725 0.00036099 100
-0.285913419519 0.00036299 100
-0.37635805043 0.00036499 100
-0.233050207642 0.00036699 100
-0.093332915493 0.00036899 100
-0.0378355705786 0.00037099 100
-0.0435273265937 0.00037299 100
0.0159490394957 0.00037499 100
0.0903533568318 0.00037699 100
0.240498147444 0.00037899 100
0.170523753503 0.00038099 100
0.217534527757 0.00038299 100
0.216018479176 0.00038499 100
0.264081638061 0.00038699 100
0.17095639605 0.00038899 100
-0.0373517514471 0.00039099 100
0.013769359473 0.00039299 100
0.0275148764477 0.00039499 100
0.00887151321281 0.00039699 100
0.0250142779529 0.00039899 100
0.0129799487939 0.00040099 100
0.092945736077 0.00040299 100
0.22053600047 0.00040499 100
0.22031865815 0.00040699 100
0.259968352816 0.00040899 100
0.312759034586 0.00041099 100
0.393890915083 0.00041299 100
0.393345016384 0.00041499 100
0.378478942542 0.00041699 100
0.502540444358 0.00041899 100
0.639467223701 0.00042099 100
0.676124013511 0.00042299 100
0.617943147436 0.00042499 100
0.568440435711 0.00042699 100
0.492485130939 0.00042899 100
0.440302682302 0.00043099 100
0.413275340542 0.00043299 100
0.443904510207 0.00043499 100
0.340318407399 0.00043699 100
0.185854677499 0.00043899 100
0.232047130316 0.00044099 100
0.271333228915 0.00044299 100
0.127142021617 0.00044499 100
-0.0404382663444 0.00044699 100
-0.051239578093 0.00044899 100
-0.0785070696172 0.00045099 100
-0.046352244713 0.00045299 100
-0.0644952594573 0.00045499 100
0.0064660295947 0.00045699 100
-2.4711629782e-05 0.00045899 100
-0.036488213617 0.00046099 100
-0.00292957526571 0.00046299 100
0.0372263289615 0.00046499 100
0.0566975210759 0.00046699 100
0.028028049309 0.00046899 100
-0.0229460259055 0.00047099 100
0.0385942504283 0.00047299 100
0.0674695887021 0.00047499 100
0.0207886957497 0.00047699 100
0.0915112769114 0.00047899 100
0.140830556994 0.00048099 100
0.224495609219 0.00048299 100
0.220893171334 0.00048499 100
0.126745825706 0.00048699 100
0.101539618933 0.00048899 100
0.215555495933 0.00049099 100
0.297702795479 0.00049299 100
0.327974773807 0.00049499 100
0.228540885011 0.00049699 100
0.31758888847 0.00049899 100
0.355309723657 0.00050099 100
0.261254247964 0.00050299 100
0.207218123431 0.00050499 100
0.113218036303 0.00050699 100
0.095277022237 0.00050899 100
0.129764694697 0.00051099 100
-0.0246137949327 0.00051299 100
-0.050214019686 0.00051499 100
-0.0395426169202 0.00051699 100
-0.0248884701255 0.00051899 100
0.0457124845107 0.00052099 100
0.0405815549628 0.00052299 100
0.024996102824 0.00052499 100
-0.0593877124585 0.00052699 100
-0.0738392950189 0.00052899 100
-0.0633245412192 0.00053099 100
-0.117620964189 0.00053299 100
-0.0679483409169 0.00053499 100
0.0148235084807 0.00053699 100
0.0677860074789 0.00053899 100
0.153682486912 0.00054099 100
0.252773551802 0.00054299 100
0.313507194679 0.00054499 100
0.27761882393 0.00054699 100
0.191304071744 0.00054899 100
0.052913471358 0.00055099 100
-0.0319017714713 0.00055299 100
-0.152780438933 0.00055499 100
-0.227507703548 0.00055699 100
-0.274801191721 0.00055899 100
-0.264125778472 0.00056099 100
-0.187499661888 0.00056299 100
-0.0825278508964 0.00056499 100
0.000150443465946 0.00056699 100
-0.0135562627399 0.00056899 100
-0.05295652467 0.00057099 100
0.0484146212587 0.00057299 100
0.101674392024 0.00057499 100
0.0720867359989 0.00057699 100
0.0466522624119 0.00057899 100
0.0953586865359 0.00058099 100
0.0599717370314 0.00058299 100
0.144571693531 0.00058499 100
0.126626900863 0.00058699 100
-0.0138725702477 0.00058899 100
-0.121937764364 0.00059099 100
-0.165946114357 0.00059299 100
-0.0964803702127 0.00059499 100
-0.156240425307 0.00059699 100
-0.21665173036 0.00059899 100
-0.166704924533 0.00060099 100
-0.269024213694 0.00060299 100
-0.341351435394 0.00060499 100
-0.323216528558 0.00060699 100
-0.271351211197 0.00060899 100
-0.234663357825 0.00061099 100
-0.256732882903 0.00061299 100
-0.159414606701 0.00061499 100
0.0730873223872 0.00061699 100
0.100739423063 0.00061899 100
0.142500996229 0.00062099 100
0.207243702611 0.00062299 100
0.220912867361 0.00062499 100
0.213704774994 0.00062699 100
0.227605462575 0.00062899 100
0.0994190417644 0.00063099 100
0.030281581094 0.00063299 100
0.0829437040663 0.00063499 100
0.0561996397492 0.00063699 100
-0.0235753147104 0.00063899 100
-0.0156007659574 0.00064099 100
-0.0581949745598 0.00064299 100
-0.00322085249973 0.00064499 100
-0.0422831943923 0.00064699 100
-0.090410246399 0.00064899 100
-0.0847702535428 0.00065099 100
-0.0309785616781 0.00065299 100
0.0207424048636 0.00065499 100
-0.0735617260943 0.00065699 100
-0.124769060146 0.00065899 100
-0.105738995618 0.00066099 100
-0.0721188894272 0.00066299 100
-0.144574413992 0.00066499 100
-0.18250991436 0.00066699 100
-0.192451121378 0.00066899 100
-0.187713038515 0.00067099 100
-0.187562937625 0.00067299 100
-0.214411974936 0.00067499 100
-0.226531782403 0.00067699 100
-0.128040842913 0.00067899 100
-0.190874497473 0.00068099 100
-0.134933060981 0.00068299 100
-0.0634143697255 0.00068499 100
0.0370500046653 0.00068699 100
0.0646606905325 0.00068899 100
0.0763832683788 0.00069099 100
0.165336040414 0.00069299 100
0.257113199124 0.00069499 100
0.192514852069 0.00069699 100
0.136168024271 0.00069899 100
0.222726640185 0.00070099 100
0.186249932426 0.00070299 100
0.10548795331 0.00070499 100
0.0538162392827 0.00070699 100
-0.0197960468456 0.00070899 100
-0.00652071232914 0.00071099 100
-0.00194019446233 0.00071299 100
-0.0197791647477 0.00071499 100
-0.0849212618981 0.00071699 100
-0.18664576667 0.00071899 100
-0.0576600434884 0.00072099 100
-0.0830772185984 0.00072299 100
-0.135561354851 0.00072499 100
-0.139546082462 0.00072699 100
-0.0886317910811 0.00072899 100
-0.00774866688505 0.00073099 100
0.0168446280362 0.00073299 100
-0.0632814253719 0.00073499 100
-0.0287030587284 0.00073699 100
-0.0406839534439 0.00073899 100
-0.0368946044752 0.00074099 100
-0.10895224057 0.00074299 100
-0.0215603234891 0.00074499 100
-0.0527494059409 0.00074699 100
-0.0083411634611 0.00074899 100
0.0389477860548 0.00075099 100
0.00626555440499 0.00075299 100
0.0136253163259 0.00075499 100
0.103751783622 0.00075699 100
0.0580860640654 0.00075899 100
0.0111066680012 0.00076099 100
0.0365591309597 0.00076299 100
0.0769845658548 0.00076499 100
0.0496757397778 0.00076699 100
0.088914460879 0.00076899 100
0.104240013342 0.00077099 100
0.162476918777 0.00077299 100
0.148163455678 0.00077499 100
0.108068831957 0.00077699 100
0.200443570772 0.00077899 100
0.187329539967 0.00078099 100
0.16600456155 0.00078299 100
0.241166339405 0.00078499 100
0.230137411991 0.00078699 100
0.28813167475 0.00078899 100
0.245296434996 0.00079099 100
0.159400754592 0.00079299 100
0.207213263926 0.00079499 100
0.145294348286 0.00079699 100
0.110576130893 0.00079899 100
0.0731593834285 0.00080099 100
0.0494209215977 0.00080299 100
0.00357273312383 0.00080499 100
-0.087819010986 0.00080699 100
-0.172880960475 0.00080899 100
-0.20937584181 0.00081099 100
-0.23395508886 0.00081299 100
-0.298664249855 0.00081499 100
-0.302671164089 0.00081699 100
-0.30850859727 0.00081899 100
-0.261222898797 0.00082099 100
-0.308829438136 0.00082299 100
-0.368484430952 0.00082499 100
-0.283784681691 0.00082699 100
-0.272276003742 0.00082899 100
-0.148134005885 0.00083099 100
-0.187037836949 0.00083299 100
-0.245083123057 0.00083499 100
-0.250334662269 0.00083699 100
-0.189669673098 0.00083899 100
-0.0838751586908 0.00084099 100
0.0219392175193 0.00084299 100
0.0167265256334 0.00084499 100
0.0418280586099 0.00084699 100
0.123627232209 0.00084899 100
0.191943912952 0.00085099 100
0.328994903759 0.00085299 100
0.320001884475 0.00085499 100
0.212999773769 0.00085699 100
0.236275679089 0.00085899 100
0.303442952587 0.00086099 100
0.354902256629 0.00086299 100
0.271836629833 0.00086499 100
0.196440895409 0.00086699 100
0.19084731876 0.00086899 100
0.192579880842 0.00087099 100
0.17611494076 0.00087299 100
0.107289238042 0.00087499 100
0.0285662928729 0.00087699 100
0.0285166128838 0.00087899 100
-0.0319636844937 0.00088099 100
-0.0801527962794 0.00088299 100
-0.113371403378 0.00088499 100
-0.121713104329 0.00088699 100
-0.144000522154 0.00088899 100
-0.186721366119 0.00089099 100
-0.201900073915 0.00089299 100
-0.249245091136 0.00089499 100
-0.270632468858 0.00089699 100
-0.325451368826 0.00089899 100
-0.371046889862 0.00090099 100
-0.262347947841 0.00090299 100
-0.125774342238 0.00090499 100
-0.0862063561265 0.00090699 100
-0.0822726953661 0.00090899 100
-0.0543748471448 0.00091099 100
0.129814396188 0.00091299 100
0.191313244504 0.00091499 100
0.191982275066 0.00091699 100
0.231888760398 0.00091899 100
0.280314109664 0.00092099 100
0.334483467562 0.00092299 100
0.337317180291 0.00092499 100
0.330083838416 0.00092699 100
0.30289016543 0.00092899 100
0.369712285115 0.00093099 100
0.344109354039 0.00093299 100
0.252327892247 0.00093499 100
0.14513706665 0.00093699 100
-0.0700797781649 0.00093899 100
-0.174928254675 0.00094099 100
-0.294508817587 0.00094299 100
-0.417583334119 0.00094499 100
-0.480657530234 0.00094699 100
-0.397766219807 0.00094899 100
-0.406144487089 0.00095099 100
-0.357517808709 0.00095299 100
-0.300302930839 0.00095499 100
-0.2528973245 0.00095699 100
-0.140224027388 0.00095899 100
-0.0791278797971 0.00096099 100
-0.025504137092 0.00096299 100
0.146959044539 0.00096499 100
0.305104768915 0.00096699 100
0.421194188234 0.00096899 100
0.454521354791 0.00097099 100
0.429945210045 0.00097299 100
0.378335773693 0.00097499 100
0.302588194276 0.00097699 100
0.2069334732 0.00097899 100
0.11735732121 0.00098099 100
0.132593548797 0.00098299 100
-0.0331258212686 0.00098499 100
-0.0693670657516 0.00098699 100
-0.135063226671 0.00098899 100
-0.262527430343 0.00099099 100
-0.245212466289 0.00099299 100
-0.256951569758 0.00099499 100
-0.346073988886 0.00099699 100
-0.348745875362 0.00099899 100
-0.356727925292 0.00100099 100
-0.400206180792 0.00100299 100
-0.383835521038 0.00100499 100
-0.329573443797 0.00100699 100
-0.343306371287 0.00100899 100
-0.25465676335 0.00101099 100
-0.188334523542 0.00101299 100
-0.0714983051585 0.00101499 100
0.0130579017917 0.00101699 100
0.11216901643 0.00101899 100
0.261269740591 0.00102099 100
0.282312804527 0.00102299 100
0.3828543887 0.00102499 100
0.477499696773 0.00102699 100
0.480620789557 0.00102899 100
0.351645448326 0.00103099 100
0.273496076437 0.00103299 100
0.26846008213 0.00103499 100
0.166565187818 0.00103699 100
0.00288868162085 0.00103899 100
-0.0966134303149 0.00104099 100
-0.139675231212 0.00104299 100
-0.190004616528 0.00104499 100
-0.266691442806 0.00104699 100
-0.289926241095 0.00104899 100
-0.301416908091 0.00105099 100
-0.249663491282 0.00105299 100
-0.191603017139 0.00105499 100
-0.171135728703 0.00105699 100
-0.162636931211 0.00105899 100
0.00820551916662 0.00106099 100
0.0276030004071 0.00106299 100
0.0839361546385 0.00106499 100
0.154792451732 0.00106699 100
0.212417239829 0.00106899 100
0.252678697164 0.00107099 100
0.179560441884 0.00107299 100
0.12145458497 0.00107499 100
0.0650514831714 0.00107699 100
0.100806791877 0.00107899 100
0.117830595185 0.00108099 100
0.117605505088 0.00108299 100
0.0753482503014 0.00108499 100
0.0927171724966 0.00108699 100
0.126702842914 0.00108899 100
0.181644988682 0.00109099 100
0.0947623584191 0.00109299 100
0.0309074811821 0.00109499 100
0.0766591283334 0.00109699 100
0.130599238709 0.00109899 100
0.0487156346047 0.00110099 100
0.0715266161236 0.00110299 100
0.112911304827 0.00110499 100
0.156866852268 0.00110699 100
0.0995974826032 0.00110899 100
0.115724147519 0.00111099 100
0.164732541801 0.00111299 100
0.172556222643 0.00111499 100
0.134367907929 0.00111699 100
0.0805684373169 0.00111899 100
0.0468343897487 0.00112099 100
0.0400912484238 0.00112299 100
-0.00774685619181 0.00112499 100
-0.0880187903914 0.00112699 100
-0.0972637311519 0.00112899 100
-0.160735055295 0.00113099 100
-0.180034537444 0.00113299 100
-0.170908455891 0.00113499 100
-0.0888834741397 0.00113699 100
-0.142827334604 0.00113899 100
-0.10808144027 0.00114099 100
-0.128284106777 0.00114299 100
-0.12010148141 0.00114499 100
-0.122871953055 0.00114699 100
-0.0333721772277 0.00114899 100
0.0452438243275 0.00115099 100
0.053618123605 0.00115299 100
0.0709133730136 0.00115499 100
0.0847230388968 0.00115699 100
0.105438820193 0.00115899 100
0.0144373676139 0.00116099 100
0.0407522052203 0.00116299 100
0.111769738482 0.00116499 100
0.0475901374652 0.00116699 100
0.042455443597 0.00116899 100
-0.0124020528609 0.00117099 100
0.00475475845207 0.00117299 100
-0.0851787042045 0.00117499 100
-0.167612506621 0.00117699 100
-0.325035278823 0.00117899 100
-0.273437208353 0.00118099 100
-0.249751486221 0.00118299 100
-0.208234672058 0.00118499 100
-0.22873359979 0.00118699 100
-0.199288704493 0.00118899 100
-0.112549482536 0.00119099 100
-0.122916985207 0.00119299 100
-0.137999611441 0.00119499 100
-0.119886314524 0.00119699 100
-0.0240251486588 0.00119899 100
0.00869395533665 0.00120099 100
0.0409368930652 0.00120299 100
0.0645958998157 0.00120499 100
0.00515234420223 0.00120699 100
-0.0493720707 0.00120899 100
-0.0486139608535 0.00121099 100
0.0648237838172 0.00121299 100
0.0954670637517 0.00121499 100
0.0230558294394 0.00121699 100
-0.0974184618051 0.00121899 100
-0.0897079972136 0.00122099 100
-0.009159690664 0.00122299 100
0.027658644488 0.00122499 100
-0.0403059321025 0.00122699 100
-0.0524745693374 0.00122899 100
0.00964611953637 0.00123099 100
0.0833973848306 0.00123299 100
0.0238893543279 0.00123499 100
-0.0316751987556 0.00123699 100
0.00399582766107 0.00123899 100
0.085669044329 0.00124099 100
0.0215652464183 0.00124299 100
-0.0351892276751 0.00124499 100
-0.0565621298455 0.00124699 100
-0.0540260061159 0.00124899 100
-0.180405345987 0.00125099 100
-0.242905240864 0.00125299 100
-0.249421081278 0.00125499 100
-0.247864006878 0.00125699 100
-0.204755844328 0.00125899 100
-0.136749411336 0.00126099 100
0.003750169097 0.00126299 100
0.102777656655 0.00126499 100
0.175272154526 0.00126699 100
0.290401998305 0.00126899 100
0.317037974405 0.00127099 100
0.23067224942 0.00127299 100
0.217696462904 0.00127499 100
0.226883650145 0.00127699 100
0.22639376121 0.00127899 100
0.194456436384 0.00128099 100
0.236495889273 0.00128299 100
0.262722301034 0.00128499 100
0.307818531166 0.00128699 100
0.2716834762 0.00128899 100
0.280086495268 0.00129099 100
0.283292967252 0.00129299 100
0.214307702749 0.00129499 100
0.153210631454 0.00129699 100
0.00889332453004 0.00129899 100
-0.10177397369 0.00130099 100
-0.23585556573 0.00130299 100
-0.342071423026 0.00130499 100
-0.490658233956 0.00130699 100
-0.473357198137 0.00130899 100
-0.519519688885 0.00131099 100
-0.543152444654 0.00131299 100
-0.510183436027 0.00131499 100
-0.424671513487 0.00131699 100
-0.419261894718 0.00131899 100
-0.350281004795 0.00132099 100
-0.322148031718 0.00132299 100
-0.206680270611 0.00132499 100
-0.161941151304 0.00132699 100
-0.0813814047356 0.00132899 100
0.0305896329777 0.00133099 100
0.0835486041883 0.00133299 100
0.133273102091 0.00133499 100
0.180184774116 0.00133699 100
0.132038619768 0.00133899 100
0.150549420686 0.00134099 100
0.140712641202 0.00134299 100
0.114274319002 0.00134499 100
0.0215754448041 0.00134699 100
-0.0300206615708 0.00134899 100
-0.0948206325665 0.00135099 100
-0.119125946346 0.00135299 100
-0.159277821432 0.00135499 100
-0.0636726047776 0.00135699 100
0.0215476422921 0.00135899 100
-0.0324384355606 0.00136099 100
-0.0519324186736 0.00136299 100
-0.0438549571055 0.00136499 100
-0.0513841395762 0.00136699 100
-0.0604158309892 0.00136899 100
-0.0766336471265 0.00137099 100
-0.080472444858 0.00137299 100
-0.217298985873 0.00137499 100
-0.308659209896 0.00137699 100
-0.437125190129 0.00137899 100
-0.482290754212 0.00138099 100
-0.570098041164 0.00138299 100
-0.591455754802 0.00138499 100
-0.530906578859 0.00138699 100
-0.53785907471 0.00138899 100
-0.575680345725 0.00139099 100
-0.426012604665 0.00139299 100
-0.295572727989 0.00139499 100
-0.134925672402 0.00139699 100
-0.0273515957253 0.00139899 100
0.129341704666 0.00140099 100
0.305050290497 0.00140299 100
0.509073168869 0.00140499 100
0.587645506789 0.00140699 100
0.650175873657 0.00140899 100
0.637946979474 0.00141099 100
0.502744406711 0.00141299 100
0.382797904947 0.00141499 100
0.181372344635 0.00141699 100
-0.0254938220741 0.00141899 100
-0.0716347256901 0.00142099 100
-0.0959715299928 0.00142299 100
-0.180557961773 0.00142499 100
-0.20129948 0.00142699 100
-0.258406287988 0.00142899 100
-0.219335013454 0.00143099 100
-0.252505618637 0.00143299 100
-0.236237151417 0.00143499 100
-0.237860669455 0.00143699 100
-0.191283987834 0.00143899 100
-0.0981948448334 0.00144099 100
-0.110672346725 0.00144299 100
-0.127636905266 0.00144499 100
-0.0460542604562 0.00144699 100
0.0292129237485 0.00144899 100
0.0463470474981 0.00145099 100
0.00456518600307 0.00145299 100
-0.0234569591372 0.00145499 100
0.089668542712 0.00145699 100
0.13097095195 0.00145899 100
0.134449011238 0.00146099 100
0.0673120704618 0.00146299 100
0.125241569838 0.00146499 100
0.18548729098 0.00146699 100
0.163994728729 0.00146899 100
0.187349113282 0.00147099 100
0.204578634427 0.00147299 100
0.184938764025 0.00147499 100
0.13861122785 0.00147699 100
0.141758268189 0.00147899 100
0.138086269363 0.00148099 100
0.176163459872 0.00148299 100
0.0749949873815 0.00148499 100
0.00648270654508 0.00148699 100
-0.0399348823022 0.00148899 100
-0.0236796212969 0.00149099 100
0.0521606628744 0.00149299 100
0.0804032778074 0.00149499 100
0.0581346995816 0.00149699 100
0.0447124509911 0.00149899 100
0.0182729084923 0.00150099 100
-0.0430467723662 0.00150299 100
-0.120167075731 0.00150499 100
-0.116663570206 0.00150699 100
-0.0443702809565 0.00150899 100
-0.018505411894 0.00151099 100
-0.0815051703472 0.00151299 100
-0.113105156307 0.00151499 100
-0.109397662811 0.00151699 100
-0.143845814557 0.00151899 100
-0.0803741755141 0.00152099 100
0.0159080287594 0.00152299 100
-0.0138027008612 0.00152499 100
-0.106305735426 0.00152699 100
-0.0350268739725 0.00152899 100
0.135326214626 0.00153099 100
0.249566989836 0.00153299 100
0.146372294694 0.00153499 100
-0.0181597759041 0.00153699 100
0.0182802062674 0.00153899 100
0.0100273612557 0.00154099 100
0.0206984084189 0.00154299 100
0.0958646569734 0.00154499 100
0.0275116383861 0.00154699 100
0.0527760614992 0.00154899 100
0.0456463408958 0.00155099 100
0.0332308916478 0.00155299 100
0.00682423222817 0.00155499 100
0.023686214658 0.00155699 100
0.00339424613401 0.00155899 100
-0.0289262750989 0.00156099 100
-0.0818903980166 0.00156299 100
-0.112454959522 0.00156499 100
-0.221574396182 0.00156699 100
-0.178934810293 0.00156899 100
-0.211324959891 0.00157099 100
-0.245352546183 0.00157299 100
-0.236109070627 0.00157499 100
-0.260237969978 0.00157699 100
-0.222437836689 0.00157899 100
-0.232823095766 0.00158099 100
-0.276342692862 0.00158299 100
-0.252701141015 0.00158499 100
-0.17171593304 0.00158699 100
-0.226209832388 0.00158899 100
-0.221470680972 0.00159099 100
-0.258031965263 0.00159299 100
-0.209622570532 0.00159499 100
-0.095415195085 0.00159699 100
-0.150083073781 0.00159899 100
-0.15380706584 0.00160099 100
-0.116434905737 0.00160299 100
0.00497895388517 0.00160499 100
0.101847905906 0.00160699 100
0.174541012018 0.00160899 100
0.281614471124 0.00161099 100
0.375861760426 0.00161299 100
0.421696585386 0.00161499 100
0.469697870049 0.00161699 100
0.355838306178 0.00161899 100
0.398576748836 0.00162099 100
0.231584381908 0.00162299 100
0.0688367576585 0.00162499 100
-0.0972737872303 0.00162699 100
-0.184943075392 0.00162899 100
-0.255420157096 0.00163099 100
-0.335711956147 0.00163299 100
-0.426655187576 0.00163499 100
-0.362496313724 0.00163699 100
-0.35650730637 0.00163899 100
-0.261966732604 0.00164099 100
-0.218024811034 0.00164299 100
-0.0946721899297 0.00164499 100
0.0641084133127 0.00164699 100
0.180612600532 0.00164899 100
0.131748232554 0.00165099 100
0.0548982042697 0.00165299 100
0.156105189042 0.00165499 100
0.160176108092 0.00165699 100
0.116332040588 0.00165899 100
0.0595735874978 0.00166099 100
0.029616789617 0.00166299 100
0.0308541224482 0.00166499 100
-0.0780298330907 0.00166699 100
-0.127648749916 0.00166899 100
-0.188813497075 0.00167099 100
-0.22758847458 0.00167299 100
-0.165453641998 0.00167499 100
-0.157900323396 0.00167699 100
-0.111415392671 0.00167899 100
0.0227515887683 0.00168099 100
0.0101368200302 0.00168299 100
0.0269556280888 0.00168499 100
0.0366448855736 0.00168699 100
0.106614353532 0.00168899 100
0.0612792521172 0.00169099 100
0.0215566729287 0.00169299 100
-0.0120215487803 0.00169499 100
-0.108901793507 0.00169699 100
-0.135182759588 0.00169899 100
-0.135666071376 0.00170099 100
-0.240710620737 0.00170299 100
-0.323313836709 0.00170499 100
-0.240190041563 0.00170699 100
-0.190274945792 0.00170899 100
-0.159191981212 0.00171099 100
-0.140332914281 0.00171299 100
0.0198470461212 0.00171499 100
0.0660249487699 0.00171699 100
0.137621836948 0.00171899 100
0.268915370669 0.00172099 100
0.267872646681 0.00172299 100
0.305095165881 0.00172499 100
0.269850966487 0.00172699 100
0.288931279152 0.00172899 100
0.22688716415 0.00173099 100
0.13658379483 0.00173299 100
0.0759956751566 0.00173499 100
-0.131951299861 0.00173699 100
-0.15571879693 0.00173899 100
-0.240020771008 0.00174099 100
-0.326489278068 0.00174299 100
-0.227330363328 0.00174499 100
-0.348233957785 0.00174699 100
-0.391096736235 0.00174899 100
-0.321472726293 0.00175099 100
-0.318040430848 0.00175299 100
-0.244007391345 0.00175499 100
-0.195419841091 0.00175699 100
-0.146472579691 0.00175899 100
0.0166353735521 0.00176099 100
0.00823946104785 0.00176299 100
0.130448616677 0.00176499 100
0.115889375036 0.00176699 100
0.150599863457 0.00176899 100
0.363294849089 0.00177099 100
0.439098255234 0.00177299 100
0.470006954258 0.00177499 100
0.332114085759 0.00177699 100
0.255185652363 0.00177899 100
0.252180282669 0.00178099 100
0.237752299236 0.00178299 100
0.174821318725 0.00178499 100
0.100478647634 0.00178699 100
0.00596835610935 0.00178899 100
-0.0137011138107 0.00179099 100
-0.022814086548 0.00179299 100
-0.0292345198883 0.00179499 100
-0.10807303089 0.00179699 100
-0.0907583043893 0.00179899 100
-0.0266370533173 0.00180099 100
-0.0081489506441 0.00180299 100
-0.018740208136 0.00180499 100
-0.0200843445775 0.00180699 100
0.0625360462955 0.00180899 100
0.117722178939 0.00181099 100
0.109564223457 0.00181299 100
0.179997780172 0.00181499 100
0.168960369769 0.00181699 100
0.0903017331099 0.00181899 100
0.0253054279751 0.00182099 100
0.0696138902862 0.00182299 100
0.106150294641 0.00182499 100
0.125186183276 0.00182699 100
0.0788542693877 0.00182899 100
-0.00907219071773 0.00183099 100
-0.0511159420853 0.00183299 100
-0.00530115703636 0.00183499 100
0.0685832999336 0.00183699 100
0.0140826956411 0.00183899 100
0.00715906583013 0.00184099 100
0.0291368543271 0.00184299 100
-0.00756744829178 0.00184499 100
0.00261289644623 0.00184699 100
0.0158102402548 0.00184899 100
-0.0377273023544 0.00185099 100
-0.0602176727122 0.00185299 100
-0.0438002490975 0.00185499 100
-0.0112017259216 0.00185699 100
-0.0196331433505 0.00185899 100
0.00827632060006 0.00186099 100
0.06080828101 0.00186299 100
-0.029655034679 0.00186499 100
0.0145907534793 0.00186699 100
0.167169174884 0.00186899 100
0.0743966105343 0.00187099 100
0.0293837188819 0.00187299 100
0.000888282617748 0.00187499 100
0.0474524554972 0.00187699 100
0.0247676137323 0.00187899 100
-0.0091832938969 0.00188099 100
0.0560765207208 0.00188299 100
0.0321998788107 0.00188499 100
0.0728530619267 0.00188699 100
0.122075831488 0.00188899 100
0.0654393158173 0.00189099 100
0.037318239489 0.00189299 100
0.0809820157115 0.00189499 100
0.124959225939 0.00189699 100
0.154694245918 0.00189899 100
0.13730615281 0.00190099 100
0.191104002261 0.00190299 100
0.203711476529 0.00190499 100
0.156110237693 0.00190699 100
0.0955247043339 0.00190899 100
0.0611475007441 0.00191099 100
0.0614070448002 0.00191299 100
0.0134674853553 0.00191499 100
-0.0390062496091 0.00191699 100
-0.101053690053 0.00191899 100
-0.0784725718803 0.00192099 100
-0.184158801628 0.00192299 100
-0.235962191271 0.00192499 100
-0.366722730359 0.00192699 100
-0.360486131056 0.00192899 100
-0.307395264498 0.00193099 100
-0.362626270867 0.00193299 100
-0.27865394436 0.00193499 100
-0.149687110897 0.00193699 100
-0.0494209361775 0.00193899 100
0.0517482637802 0.00194099 100
0.0470582741487 0.00194299 100
0.0714642825134 0.00194499 100
0.0908931132779 0.00194699 100
0.0704327476622 0.00194899 100
0.0999813225011 0.00195099 100
0.112134704464 0.00195299 100
0.11139838561 0.00195499 100
0.114724954797 0.00195699 100
0.0582444519816 0.00195899 100
-0.0310906514853 0.00196099 100
-0.0124811196088 0.00196299 100
-0.0845992855242 0.00196499 100
-0.213194628535 0.00196699 100
-0.245056446448 0.00196899 100
-0.24185452166 0.00197099 100
-0.222049109803 0.00197299 100
-0.173103478085 0.00197499 100
-0.191602178151 0.00197699 100
-0.217542426988 0.00197899 100
-0.179436258698 0.00198099 100
-0.0753316885674 0.00198299 100
-0.0467439505551 0.00198499 100
0.00520660735961 0.00198699 100
-0.00132434276581 0.00198899 100
-0.0140225553459 0.00199099 100
0.0299641410542 0.00199299 100
-0.016097127268 0.00199499 100
-0.106422865356 0.00199699 100
-0.0916078075959 0.00199899 100
